7.241814
7.114276
8.421019
10.000936
8.840855
8.396101
8.728687
5.096246
7.096429
4.670506
11.280892
7.293818
9.450478
13.304456
7.324413
10.752353
4.715518
7.470425
10.820944
7.660513
6.661177
7.323245
10.966852
9.231113
3.987401
8.814167
9.714631
4.105662
8.620617
4.954952
8.726898
7.105062
4.821481
6.427817
8.695903
6.422268
11.366496
7.474839
9.833551
7.866979
6.637410
8.872387
7.647603
4.815136
9.298430
9.492315
9.427906
9.105765
7.885665
7.074758
7.364554
9.850690
9.343562
8.251054
9.102780
7.821084
7.861620
7.208101
10.834153
8.295609
9.141478
8.991507
5.627366
9.768874
10.463979
10.979513
7.508250
8.036423
8.118602
10.403149
8.469153
8.418306
5.163438
9.944359
10.865859
6.108085
5.232522
5.744180
5.769247
0.279257
8.703614
7.665348
12.598253
7.377037
9.997739
3.729250
7.646924
6.700380
7.248149
8.988086
6.569213
8.102153
10.185184
8.570961
3.884942
7.852352
7.302532
7.998295
3.418723
8.789299
7.449766
9.099659
8.740332
7.644495
8.797472
6.848526
1.412018
7.434675
8.249160
8.408796
11.137740
6.163825
5.880970
8.647682
6.482019
6.657262
6.689359
7.231015
5.104071
7.138922
11.374616
9.893845
12.494055
8.307128
9.304525
3.754224
8.677649
7.584993
7.824478
4.741640
5.458720
10.029404
8.084849
7.779902
9.441590
6.460441
9.024419
6.744442
6.667789
8.808467
7.519221
6.604049
8.369751
7.200432
7.878649
9.216318
9.453537
10.016823
7.756811
8.610769
8.751219
6.632500
7.960184
5.402281
12.104402
8.241273
3.534033
7.859217
8.471977
8.464070
7.841158
9.431271
8.853157
10.439048
9.280297
7.442249
9.628412
4.278910
7.073985
5.939064
8.588347
6.532335
7.763716
9.297673
7.754287
10.125666
4.518753
6.478725
6.982222
8.854530
7.348497
8.222373
9.317917
12.037724
7.281739
7.646471
2.085311
10.119363
10.185292
10.947183
7.122517
8.374368
10.043045
8.794260
8.535943
6.857794
6.768169
6.413438
8.990176
7.437796
7.705007
4.227240
8.395920
8.082664
10.086365
9.834061
7.647252
10.533568
11.516550
8.420620
10.287696
8.756833
8.264663
7.260020
5.261220
9.295837
7.179195
7.811174
3.742330
6.292514
4.161597
6.786720
8.203463
5.397904
6.821088
8.767923
3.075706
8.010726
7.420528
9.034539
10.415652
11.215655
8.691412
7.798293
8.433305
8.639606
4.590215
5.170530
11.954312
7.784328
3.562839
9.362082
8.311508
11.779238
7.062749
8.601639
4.648704
10.634380
8.070384
5.798588
4.965210
8.155440
7.600574
7.069632
10.800077
10.233529
7.029436
10.832181
8.464326
8.051852
10.325999
6.944473
7.261026
6.780963
6.995041
9.067694
6.005030
8.219550
7.605505
7.236177
10.451259
6.631742
7.784387
5.059579
7.726057
10.586012
7.928715
7.608379
6.650149
8.091694
7.158268
9.114533
11.045407
7.937436
4.553666
8.692189
9.137994
4.533871
8.557926
6.028936
6.463037
13.084069
7.489574
8.782493
8.113996
8.260257
7.031400
5.015784
9.370569
7.686257
7.480075
4.626278
8.154011
6.008783
8.408703
10.755528
8.129552
5.705085
5.054303
6.089703
9.515700
8.456651
9.080851
6.531596
8.094609
9.551726
6.657902
3.974187
5.542974
9.966076
6.320183
5.201229
4.615916
8.430380
5.848792
10.728069
8.604095
5.981980
5.600633
6.139408
6.504965
7.217980
9.113208
4.844142
3.373842
7.081684
10.547414
6.683365
5.832367
4.601898
8.767065
7.545594
8.031682
11.087193
6.431121
7.383444
8.911345
6.836810
6.959114
7.008181
6.752386
7.093579
8.642107
6.501556
5.600709
6.039522
8.094246
4.707784
7.740823
12.325541
11.837070
8.105453
6.527318
7.846869
9.479161
6.703173
8.620507
7.970311
11.277866
10.216080
7.516445
7.247132
9.150767
9.776665
6.103896
5.354909
7.738224
6.924742
5.019104
4.506400
8.254091
8.868072
9.437531
7.369006
9.369592
7.042780
5.436966
6.978985
9.642779
9.090385
8.811950
3.826167
9.257954
7.865561
8.221915
6.125634
8.766631
9.381862
9.052973
11.947924
7.049821
7.414512
8.265579
11.367006
8.697206
6.663685
5.451278
9.755835
7.508016
6.013739
4.716128
9.682969
7.153706
8.272457
6.888128
9.411120
6.255319
8.800111
10.970103
6.552666
10.488911
7.414714
7.522209
6.178239
6.542866
8.223957
10.200682
9.701542
3.676045
7.603419
5.978886
11.445669
9.874675
6.660828
7.653076
8.085494
7.515797
4.859093
7.259919
6.273664
10.234682
7.772063
6.828712
5.457574
9.602441
9.930973
7.631661
9.849851
7.544171
8.540611
8.385123
7.783988
5.375883
8.841566
7.630268
5.155478
6.829000
8.227791
9.835327
11.226967
5.976358
7.136019
8.077710
7.814855
7.452381
6.513598
8.605340
6.460462
5.629933
4.627879
11.199751
7.762315
8.338934
7.434644
7.037730
8.938914
8.862591
7.908726
5.748658
9.841552
9.564365
9.745067
6.791426
7.721633
7.198967
6.741613
11.780693
7.877005
8.464369
9.921682
9.077970
8.284812
7.741477
13.654694
7.322320
8.927569
6.760816
6.228520
7.834181
9.185330
8.602397
8.321089
10.916752
5.685322
7.133174
7.382983
7.709842
7.795191
8.067364
4.222083
5.802348
8.665302
8.800040
8.578110
8.634068
7.548350
7.343510
6.149377
8.630552
7.607696
9.726770
7.624942
7.212977
7.247015
8.812246
9.288409
11.515062
5.439472
10.028348
8.661496
8.871905
8.143545
11.406599
10.257345
10.441235
7.786148
9.097143
7.133584
7.440273
8.394663
8.781021
8.386872
8.003101
9.182326
9.878688
10.612371
4.780735
9.228062
11.626037
7.781118
6.935524
7.783513
6.783841
7.366057
6.933968
8.909928
7.970150
6.060329
7.919441
8.654988
8.989981
9.410578
11.385109
10.366432
9.951044
8.419622
9.517083
2.693298
6.389392
7.979740
10.662918
12.277074
5.977346
10.891187
8.939512
10.157446
10.203520
8.798079
5.816925
8.437646
8.185812
3.598850
9.214788
6.033401
9.522543
7.369742
6.289804
9.120543
9.487749
6.125735
9.508859
2.639525
10.848681
4.756997
6.749349
9.016374
5.925393
8.142002
8.339209
7.084761
5.677379
6.040256
6.199093
10.235417
4.959633
7.438377
7.800359
10.280580
4.909811
8.271993
6.272353
8.565673
8.897361
6.248768
7.413223
11.424734
6.284428
12.569321
9.786223
5.539335
11.205947
9.428283
6.474216
6.269587
9.808013
12.752942
7.476266
8.074230
10.402535
3.394549
10.789156
8.484861
10.870040
5.004580
5.518186
6.758060
7.622591
9.423617
7.829638
7.778824
7.326740
8.588664
10.061825
6.619925
6.526049
8.070335
8.179718
8.890545
9.892159
8.102691
13.376261
8.909647
11.222910
10.171934
10.568698
8.648748
6.750973
6.753526
8.912931
8.855653
7.412532
5.609556
8.629461
7.723141
8.407140
7.658262
7.155303
7.760077
8.958457
11.198284
6.350560
7.863614
9.691127
8.845459
9.667710
7.793442
9.082655
6.230670
9.398556
9.498842
6.889499
6.473463
8.092341
10.011244
5.686522
7.467386
6.372124
7.533641
7.814024
13.371416
5.521192
5.319827
6.805131
10.732777
10.063046
9.489413
6.951782
9.134224
9.727857
7.390526
7.331782
8.673850
6.617770
8.653340
9.218582
8.430465
7.117521
8.019281
8.536434
8.296409
11.764402
7.660342
7.240550
6.064457
11.857645
6.241879
8.045048
9.122617
10.719440
8.623225
6.255691
11.602664
6.226843
9.603134
8.256658
9.696711
8.611907
4.835234
10.912250
11.533711
5.829640
7.330972
11.401258
7.743251
6.820444
7.830579
7.326886
8.659833
7.454673
4.881959
6.523024
8.634648
5.044433
9.601720
5.531740
6.416683
6.203971
5.264622
8.274223
7.445605
12.875501
6.932031
4.457851
8.199074
6.931862
8.312273
6.815832
7.511267
5.903265
7.447148
9.058142
10.356631
11.284214
9.459891
5.675151
7.273206
8.178175
11.736726
6.878099
7.791899
7.562677
9.660715
6.120602
8.391350
8.538710
9.992248
6.917728
7.201108
5.319136
2.229566
6.681431
5.870131
9.053412
7.219017
8.281151
3.819210
7.621034
7.895366
6.928755
5.960613
12.628953
4.171018
7.565473
9.028835
5.869147
8.966834
9.046564
9.326526
7.183794
7.403228
6.519551
7.331750
10.245511
4.019435
7.156295
6.312920
6.636852
6.268961
8.315816
7.205898
5.060871
1.803647
6.508180
8.955346
5.500388
6.949571
9.376494
9.001437
8.690737
8.680918
6.330802
7.481150
5.438467
6.856260
9.725961
9.326307
8.991108
5.189201
8.141323
7.286665
6.517887
10.517809
7.423221
11.186302
10.697212
10.214623
9.021436
7.118398
2.798237
9.798072
8.162809
10.086988
5.708298
4.501390
9.699932
10.798068
5.287511
8.654442
5.422019
5.390653
7.352843
2.929476
11.373856
9.875666
8.773983
9.240324
6.381458
5.670486
7.774388
10.719293
7.579174
6.584491
11.758959
7.648186
14.922601
6.943584
13.269966
9.913357
10.580680
10.227904
5.363736
6.550350
6.335746
11.032864
6.523160
8.575379
11.854581
8.884753
5.845665
7.867998
10.321207
9.285398
9.392898
4.880104
5.052024
3.820861
7.729293
10.821842
6.930510
6.967099
11.191327
9.946789
7.580247
7.517386
10.127016
9.534815
7.231086
5.625544
2.706143
9.852710
6.013951
6.920642
10.675026
9.035961
7.347985
9.985538
6.928501
11.028121
4.990063
7.710191
4.657823
7.198396
9.246722
5.708147
8.175008
4.018307
8.942730
6.214905
5.510200
10.020181
10.439637
10.463830
7.514002
9.979485
6.148287
6.462727
6.901640
8.839546
7.888331
8.900902
7.600600
6.781572
8.990849
10.243621
3.413017
8.215958
11.798064
8.485186
8.684077
7.052210
7.157142
10.765920
6.392550
10.147701
8.445575
5.995999
9.137716
5.744086
7.400265
4.460729
6.393428
3.649563
6.980321
6.861668
8.136034
5.241804
7.048617
12.234530
9.220048
8.153431
10.114463
10.819362
5.434992
7.876199
8.058492
8.117974
7.258376
6.130146
9.950937
10.608517
4.102395
9.059476
10.134369
9.470960
8.589919
8.279023
5.990543
6.689529
9.468715
7.967529
7.301262
8.063356
10.193190
6.813449
8.805153
7.013564
9.345724
10.076604
7.032201
8.108259
7.803974
12.971940
9.032080
7.600343
9.788756
7.589320
8.900673
2.851940
5.241507
6.100623
7.509101
6.730569
7.278198
11.539698
12.955067
8.271678
6.570951
7.268730
10.048107
8.328291
10.923402
10.348051
7.899467
7.740852
4.449284
10.608522
9.439586
7.636204
8.206965
10.925980
5.530815
7.352512
5.285442
10.933301
10.098047
10.073568
10.473214
9.239696
12.186807
7.831088
7.280426
10.136806
5.425041
6.576371
5.634762
9.417990
8.159682
9.212065
7.081352
9.308462
6.280227
6.465149
6.143581
7.842178
8.979593
8.679876
8.373413
8.159697
9.115033
7.673302
3.194580
10.174572
7.184266
8.339424
9.405352
8.969344
5.901598
10.062004
7.742276
8.686799
4.513938
8.393315
9.637891
10.503152
6.346600
8.215446
6.997579
7.491051
6.988758
8.050139
9.244186
8.646334
10.151178
5.534028
8.960595
7.342307
9.441473
8.054774
8.550196
6.892514
5.572158
7.939565
8.986355
9.561359
4.317760
11.877507
7.014139
6.656343
7.588944
7.062354
4.547847
10.165773
7.856098
7.249161
12.898324
7.594979
4.255661
5.355321
12.603388
6.606395
6.824842
8.707600
8.526156
10.397226
6.139884
5.939027
10.193697
5.508337
7.929860
10.448963
5.921406
5.024026
9.153668
5.606619
7.234886
7.202806
8.258916
10.623692
10.106016
12.201044
6.827370
8.813808
7.851235
6.629529
9.814115
5.205750
6.532493
8.195083
5.770811
8.439031
6.555368
8.260163
8.536210
7.949068
11.209022
8.057704
7.168921
8.940734
9.103686
6.586635
6.840528
6.049918
6.311838
11.316382
10.567082
8.391391
8.510277
9.593765
4.829628
8.133531
6.698428
8.688414
10.112966
4.593021
5.847837
8.067894
6.491965
7.092407
7.550729
11.816483
9.233546
7.359237
11.671240
6.715640
6.688668
9.824331
7.016096
8.202128
9.031367
9.073610
3.569683
11.491651
10.963370
4.022131
5.868549
4.278589
6.183579
5.859141
8.299117
3.692072
8.568753
5.158094
10.486646
9.783624
8.998547
6.219400
8.300543
8.057852
6.527326
6.867901
8.703832
5.083806
7.769639
7.455069
8.754214
6.944634
10.718419
8.160018
5.120797
9.551109
6.680223
5.588061
8.736863
10.403879
8.791083
8.790662
8.853688
7.691157
11.424570
11.082011
8.765900
5.153351
7.103340
7.731971
8.473324
12.085338
6.925384
6.888015
5.393247
6.540528
5.416777
10.602307
9.804011
8.417435
8.254764
5.681588
9.800658
6.849903
9.460299
9.821169
4.466700
7.955055
9.398219
8.169684
6.149626
7.911366
10.951239
5.064803
5.328140
6.851330
6.823229
9.151891
3.910241
5.926029
9.471609
9.497364
9.988843
7.446281
5.972514
8.045156
5.662344
8.220357
10.665730
7.501827
6.599260
11.744847
7.582325
12.434184
9.047760
5.633802
7.758987
9.155840
11.489994
10.165063
9.463041
9.832036
7.701577
7.401703
4.053377
7.870384
7.293652
9.496075
4.767651
6.456707
10.627857
7.238186
7.851063
9.529867
8.571604
6.070419
8.456235
7.574570
4.216917
7.533363
9.338089
3.925347
4.137721
8.368754
11.911539
7.756580
9.576151
9.377615
6.222781
9.024369
9.672331
8.833275
4.027932
9.985304
7.830441
6.997196
11.121795
8.590444
9.357170
7.282646
9.667983
10.501763
8.401604
9.181742
5.597239
5.979947
9.208306
8.150609
8.307146
9.909363
11.009109
5.996569
9.080361
11.130556
4.168354
7.697057
7.423392
6.208131
8.018310
10.666497
9.949431
4.956590
8.398322
10.173744
10.094891
8.761248
10.657444
7.651909
8.956991
6.588277
8.137312
6.666335
9.602921
5.353510
7.104254
9.355322
5.892088
9.013625
9.882428
5.285987
6.453744
5.967492
9.490826
7.122663
9.795599
7.657303
9.567935
7.089293
13.522692
7.269232
10.665225
6.850630
6.468640
8.342292
8.902069
11.671486
7.310304
8.870505
7.027562
12.913374
6.102051
7.282065
7.211103
11.270574
12.865406
7.338442
9.322825
3.472745
5.137498
7.351351
5.921728
8.513078
5.316403
10.715771
10.033551
5.883423
9.095387
7.166021
6.961197
8.638703
7.874023
9.372085
3.643003
6.111836
10.031749
7.565599
7.266908
7.501122
9.036313
8.678504
7.567009
9.890675
10.434510
8.693522
8.753417
7.588513
7.493404
7.820043
9.106679
9.906711
8.953914
11.692234
7.883879
6.207959
10.158907
10.053798
8.894270
6.132755
4.770847
10.540763
8.950533
8.822117
9.463937
9.405340
7.326908
7.648264
9.701452
8.868474
5.105261
9.779298
8.783930
10.824187
10.502569
4.565474
5.809441
10.248982
9.690900
4.807231
7.863031
8.220864
9.484282
9.070147
8.409705
5.210906
9.333728
7.565794
7.292710
7.997838
9.154463
12.234313
10.399908
7.169375
10.111005
15.745541
10.398853
5.919887
6.270294
9.739425
7.024739
8.499599
8.111251
10.042280
11.291285
9.589742
5.881165
4.820106
3.724579
8.266299
5.777324
5.840681
8.934858
6.726224
6.812770
5.255872
5.101789
8.658948
7.374405
5.795809
7.928183
7.612922
10.544066
5.905836
5.117388
3.561093
5.790588
9.192928
7.083026
11.341740
13.863087
9.804147
11.321743
3.056040
8.387427
10.085154
7.407922
8.254577
9.812139
10.485137
8.070760
8.569923
11.173812
5.145422
13.061632
7.228663
9.661752
8.431239
9.883507
9.948660
4.550924
8.138500
9.581400
5.219999
5.824048
6.901293
9.819843
6.450974
6.797872
9.929463
10.043834
10.096863
6.471660
10.325543
9.173330
8.904431
11.815408
7.647030
6.688655
9.104164
8.996115
5.370787
7.591043
6.728633
5.520208
7.114699
10.151486
10.340797
5.541867
5.385023
8.150580
5.138324
8.114947
8.779242
7.322096
10.015245
6.072138
8.397760
5.910501
7.578287
7.038358
7.957830
12.299810
5.460313
7.405391
7.900411
9.643198
7.014827
8.120853
8.528105
6.194194
8.174925
8.232092
7.460587
7.078568
9.563164
9.645660
6.960685
7.293383
7.733559
12.129529
12.176638
5.572562
11.199399
5.868716
9.985925
9.053956
7.013832
8.823659
9.461463
4.772942
7.263417
9.769187
8.212220
8.009065
9.300018
5.730671
10.429929
9.728121
10.056838
7.999017
7.620364
7.833105
7.856402
6.038274
8.120814
8.933403
7.732393
11.677914
8.226414
9.863686
6.379917
6.470200
9.563027
7.365119
5.925667
7.598648
10.479886
6.747168
9.858463
4.306548
8.386754
7.496476
7.451572
10.786510
7.554983
10.171945
7.984614
7.508588
8.381650
6.031363
5.799994
7.208638
7.223531
7.674040
6.268961
5.996950
6.508087
4.806804
5.921027
4.803427
7.148145
7.924257
7.477433
7.886843
10.720831
9.046218
8.742719
9.598975
5.806324
6.813446
9.629362
10.324911
10.091593
5.340213
6.848907
3.966720
9.292315
10.875632
7.249421
8.461570
7.806803
6.789277
2.219649
9.793039
9.083633
9.636928
5.917621
9.424527
8.308612
9.993951
5.318824
11.752790
4.964788
7.764125
6.582974
7.276556
6.325786
4.633915
12.083993
5.799550
8.253749
7.955856
5.923882
8.403183
6.113558
4.923868
8.394563
10.624644
7.787960
7.514805
7.582177
7.353152
7.757507
5.624997
9.998504
7.036329
8.083617
9.857690
5.544377
7.811355
8.066580
6.305233
10.641216
4.408737
8.918407
7.862389
8.464721
10.731517
7.471625
8.521120
7.849040
8.801401
8.776474
6.703553
7.342533
7.984787
8.141368
9.081722
7.740848
10.337449
6.099343
8.561308
10.096209
4.615772
9.272975
6.506259
10.712505
7.346891
6.454444
7.879581
8.801470
7.840833
6.498850
12.169191
8.800276
9.599923
5.774020
6.619981
6.841702
8.778675
8.069096
6.560837
8.203934
9.837257
7.467257
11.237676
11.360504
9.975378
9.614422
10.051496
7.773779
8.974060
8.784878
9.027915
8.244454
6.038830
9.759691
6.075880
7.098253
7.345124
8.795268
7.686755
9.950722
5.355770
10.630400
7.464045
7.974275
11.407623
8.733216
9.935768
8.642480
10.215048
9.729938
5.495203
10.455990
10.649478
5.494656
9.398163
7.820560
13.102319
5.958464
9.845063
7.856237
9.495388
8.474453
8.598514
7.002830
8.531664
7.162151
9.721845
9.485206
7.411085
8.238170
10.132107
6.606959
12.862766
10.364494
6.626520
10.003545
7.061377
6.921683
10.096869
9.495110
8.492213
8.469350
7.544731
7.929453
10.184447
5.176610
7.484636
8.936868
5.438457
7.884205
8.767257
6.487486
9.321941
9.333648
7.434101
8.225321
4.617126
7.679197
9.168629
8.331354
7.966223
9.778401
9.806436
7.105091
7.587885
10.323299
10.129381
8.798583
2.972920
6.645536
4.918672
8.728768
7.931125
7.555945
4.719844
8.444830
9.875036
8.579303
5.696605
7.922870
8.368749
3.830021
8.607131
6.662469
7.154913
6.205269
7.811947
10.290634
5.414053
9.554386
6.312904
9.532647
9.940942
5.258643
8.763321
3.666174
9.404776
5.861734
8.904668
9.626719
8.770155
5.177684
6.905123
7.938943
9.284408
6.211857
8.229810
8.781292
6.402492
8.183240
9.475386
7.383418
7.894378
8.381358
9.107783
5.754371
8.054491
9.295441
6.156929
5.730250
7.236100
5.715880
8.644743
8.907398
6.545807
7.680505
9.872826
9.219812
6.079143
6.793347
9.433611
5.885830
8.485185
6.876444
10.243336
12.624680
7.868279
7.714576
9.506975
8.743614
8.047546
11.028068
13.523970
2.681974
9.964869
7.809520
6.407526
7.778727
7.444867
7.769686
8.028879
7.715893
12.012338
11.635685
7.324888
9.388719
8.973186
8.071096
9.287122
5.189534
9.752230
8.094473
8.758455
7.629091
10.894762
7.081345
11.384529
9.048728
8.061873
5.656358
8.616182
6.793481
8.502754
7.839116
8.515188
8.751931
5.954191
9.763215
9.941359
10.031334
6.199836
11.436600
6.921925
5.504628
8.332550
9.274465
10.955992
8.073253
9.076388
10.166467
6.384388
6.492956
5.641316
9.408030
9.537440
6.585346
12.933757
7.839311
7.804500
5.580789
6.259362
13.063098
9.519608
8.372375
9.620149
7.843559
11.306891
7.873531
5.617352
7.181592
8.229119
7.812426
6.256764
4.708393
6.497871
6.233973
5.887197
9.140244
4.695997
7.594363
5.712324
7.623962
8.340197
6.349794
4.360799
9.261230
10.959450
4.980247
9.011898
10.293528
8.284978
8.059812
13.977611
9.291719
7.474925
9.099687
6.942189
10.199723
7.459717
6.981785
9.486653
6.747828
9.866295
4.091864
3.172800
8.442301
9.766783
5.126004
7.284804
4.890747
5.910822
5.443426
5.707069
5.593042
